camera_matrix:
- - 1009.1511761847764
  - 0.0
  - 637.0908903849601
- - 0.0
  - 1008.601864978666
  - 351.7443287581982
- - 0.0
  - 0.0
  - 1.0
dist_coeff:
- - 0.1737742654024491
  - -1.7419613881071463
  - -0.002939179922426176
  - -0.0031876923693557936
  - 4.060319694294003
rms: 0.8491217436523081
